      CUSTOMER_ID                                       TOTAL_SPENDS  \
0               1  (881, 639, 432, 1329, 737, 544, 1483, 1335, 10...   
1               2  (881, 639, 432, 1329, 737, 544, 1483, 1335, 10...   
2               3  (881, 639, 432, 1329, 737, 544, 1483, 1335, 10...   
3               4  (881, 639, 432, 1329, 737, 544, 1483, 1335, 10...   
4               5  (881, 639, 432, 1329, 737, 544, 1483, 1335, 10...   
...           ...                                                ...   
9995         9996  (881, 639, 432, 1329, 737, 544, 1483, 1335, 10...   
9996         9997  (881, 639, 432, 1329, 737, 544, 1483, 1335, 10...   
9997         9998  (881, 639, 432, 1329, 737, 544, 1483, 1335, 10...   
9998         9999  (881, 639, 432, 1329, 737, 544, 1483, 1335, 10...   
9999        10000  (881, 639, 432, 1329, 737, 544, 1483, 1335, 10...   

                                     PAST_1MONTH_SPENDS  \
0     (39, 26, 0, 126, 26, 0, 48, 26, 489, 15, 0, 0,...   
1     (39, 26, 0, 126, 26, 0, 48, 26, 489, 15, 0, 0,...   
2     (39, 26, 0, 126, 26, 0, 48, 26, 489, 15, 0, 0,...   
3     (39, 26, 0, 126, 26, 0, 48, 26, 489, 15, 0, 0,...   
4     (39, 26, 0, 126, 26, 0, 48, 26, 489, 15, 0, 0,...   
...                                                 ...   
9995  (39, 26, 0, 126, 26, 0, 48, 26, 489, 15, 0, 0,...   
9996  (39, 26, 0, 126, 26, 0, 48, 26, 489, 15, 0, 0,...   
9997  (39, 26, 0, 126, 26, 0, 48, 26, 489, 15, 0, 0,...   
9998  (39, 26, 0, 126, 26, 0, 48, 26, 489, 15, 0, 0,...   
9999  (39, 26, 0, 126, 26, 0, 48, 26, 489, 15, 0, 0,...   

                                     PAST_2MONTH_SPENDS  \
0     (52, 87, 9, 160, 36, 9, 64, 57, 502, 52, 13, 0...   
1     (52, 87, 9, 160, 36, 9, 64, 57, 502, 52, 13, 0...   
2     (52, 87, 9, 160, 36, 9, 64, 57, 502, 52, 13, 0...   
3     (52, 87, 9, 160, 36, 9, 64, 57, 502, 52, 13, 0...   
4     (52, 87, 9, 160, 36, 9, 64, 57, 502, 52, 13, 0...   
...                                                 ...   
9995  (52, 87, 9, 160, 36, 9, 64, 57, 502, 52, 13, 0...   
9996  (52, 87, 9, 160, 36, 9, 64, 57, 502, 52, 13, 0...   
9997  (52, 87, 9, 160, 36, 9, 64, 57, 502, 52, 13, 0...   
9998  (52, 87, 9, 160, 36, 9, 64, 57, 502, 52, 13, 0...   
9999  (52, 87, 9, 160, 36, 9, 64, 57, 502, 52, 13, 0...   

                                     PAST_3MONTH_SPENDS  \
0     (83, 135, 73, 160, 67, 22, 74, 96, 570, 96, 10...   
1     (83, 135, 73, 160, 67, 22, 74, 96, 570, 96, 10...   
2     (83, 135, 73, 160, 67, 22, 74, 96, 570, 96, 10...   
3     (83, 135, 73, 160, 67, 22, 74, 96, 570, 96, 10...   
4     (83, 135, 73, 160, 67, 22, 74, 96, 570, 96, 10...   
...                                                 ...   
9995  (83, 135, 73, 160, 67, 22, 74, 96, 570, 96, 10...   
9996  (83, 135, 73, 160, 67, 22, 74, 96, 570, 96, 10...   
9997  (83, 135, 73, 160, 67, 22, 74, 96, 570, 96, 10...   
9998  (83, 135, 73, 160, 67, 22, 74, 96, 570, 96, 10...   
9999  (83, 135, 73, 160, 67, 22, 74, 96, 570, 96, 10...   

                                     PAST_6MONTH_SPENDS  \
0     (489, 204, 189, 169, 174, 342, 105, 227, 622, ...   
1     (489, 204, 189, 169, 174, 342, 105, 227, 622, ...   
2     (489, 204, 189, 169, 174, 342, 105, 227, 622, ...   
3     (489, 204, 189, 169, 174, 342, 105, 227, 622, ...   
4     (489, 204, 189, 169, 174, 342, 105, 227, 622, ...   
...                                                 ...   
9995  (489, 204, 189, 169, 174, 342, 105, 227, 622, ...   
9996  (489, 204, 189, 169, 174, 342, 105, 227, 622, ...   
9997  (489, 204, 189, 169, 174, 342, 105, 227, 622, ...   
9998  (489, 204, 189, 169, 174, 342, 105, 227, 622, ...   
9999  (489, 204, 189, 169, 174, 342, 105, 227, 622, ...   

                                             TOTAL_FREQ  \
0     (39, 43, 28, 27, 48, 25, 43, 51, 39, 37, 33, 5...   
1     (39, 43, 28, 27, 48, 25, 43, 51, 39, 37, 33, 5...   
2     (39, 43, 28, 27, 48, 25, 43, 51, 39, 37, 33, 5...   
3     (39, 43, 28, 27, 48, 25, 43, 51, 39, 37, 33, 5...   
4     (39, 43, 28, 27, 48, 25, 43, 51, 39, 37, 33, 5...   
...                                                 ...   
9995  (39, 43, 28, 27, 48, 25, 43, 51, 39, 37, 33, 5...   
9996  (39, 43, 28, 27, 48, 25, 43, 51, 39, 37, 33, 5...   
9997  (39, 43, 28, 27, 48, 25, 43, 51, 39, 37, 33, 5...   
9998  (39, 43, 28, 27, 48, 25, 43, 51, 39, 37, 33, 5...   
9999  (39, 43, 28, 27, 48, 25, 43, 51, 39, 37, 33, 5...   

                                       PAST_1MONTH_FREQ  \
0     (2, 2, 0, 4, 1, 0, 1, 2, 4, 1, 0, 0, 2, 0, 1, ...   
1     (2, 2, 0, 4, 1, 0, 1, 2, 4, 1, 0, 0, 2, 0, 1, ...   
2     (2, 2, 0, 4, 1, 0, 1, 2, 4, 1, 0, 0, 2, 0, 1, ...   
3     (2, 2, 0, 4, 1, 0, 1, 2, 4, 1, 0, 0, 2, 0, 1, ...   
4     (2, 2, 0, 4, 1, 0, 1, 2, 4, 1, 0, 0, 2, 0, 1, ...   
...                                                 ...   
9995  (2, 2, 0, 4, 1, 0, 1, 2, 4, 1, 0, 0, 2, 0, 1, ...   
9996  (2, 2, 0, 4, 1, 0, 1, 2, 4, 1, 0, 0, 2, 0, 1, ...   
9997  (2, 2, 0, 4, 1, 0, 1, 2, 4, 1, 0, 0, 2, 0, 1, ...   
9998  (2, 2, 0, 4, 1, 0, 1, 2, 4, 1, 0, 0, 2, 0, 1, ...   
9999  (2, 2, 0, 4, 1, 0, 1, 2, 4, 1, 0, 0, 2, 0, 1, ...   

                                       PAST_2MONTH_FREQ  \
0     (3, 7, 1, 6, 2, 1, 2, 4, 5, 4, 1, 0, 2, 1, 4, ...   
1     (3, 7, 1, 6, 2, 1, 2, 4, 5, 4, 1, 0, 2, 1, 4, ...   
2     (3, 7, 1, 6, 2, 1, 2, 4, 5, 4, 1, 0, 2, 1, 4, ...   
3     (3, 7, 1, 6, 2, 1, 2, 4, 5, 4, 1, 0, 2, 1, 4, ...   
4     (3, 7, 1, 6, 2, 1, 2, 4, 5, 4, 1, 0, 2, 1, 4, ...   
...                                                 ...   
9995  (3, 7, 1, 6, 2, 1, 2, 4, 5, 4, 1, 0, 2, 1, 4, ...   
9996  (3, 7, 1, 6, 2, 1, 2, 4, 5, 4, 1, 0, 2, 1, 4, ...   
9997  (3, 7, 1, 6, 2, 1, 2, 4, 5, 4, 1, 0, 2, 1, 4, ...   
9998  (3, 7, 1, 6, 2, 1, 2, 4, 5, 4, 1, 0, 2, 1, 4, ...   
9999  (3, 7, 1, 6, 2, 1, 2, 4, 5, 4, 1, 0, 2, 1, 4, ...   

                                       PAST_3MONTH_FREQ  \
0     (4, 9, 5, 6, 3, 2, 3, 7, 9, 6, 4, 0, 3, 2, 4, ...   
1     (4, 9, 5, 6, 3, 2, 3, 7, 9, 6, 4, 0, 3, 2, 4, ...   
2     (4, 9, 5, 6, 3, 2, 3, 7, 9, 6, 4, 0, 3, 2, 4, ...   
3     (4, 9, 5, 6, 3, 2, 3, 7, 9, 6, 4, 0, 3, 2, 4, ...   
4     (4, 9, 5, 6, 3, 2, 3, 7, 9, 6, 4, 0, 3, 2, 4, ...   
...                                                 ...   
9995  (4, 9, 5, 6, 3, 2, 3, 7, 9, 6, 4, 0, 3, 2, 4, ...   
9996  (4, 9, 5, 6, 3, 2, 3, 7, 9, 6, 4, 0, 3, 2, 4, ...   
9997  (4, 9, 5, 6, 3, 2, 3, 7, 9, 6, 4, 0, 3, 2, 4, ...   
9998  (4, 9, 5, 6, 3, 2, 3, 7, 9, 6, 4, 0, 3, 2, 4, ...   
9999  (4, 9, 5, 6, 3, 2, 3, 7, 9, 6, 4, 0, 3, 2, 4, ...   

                                MONTHS_SINCE_LAST_VISIT  INCOME  
0     (5, 0, 10, 9, 8, 7, 6, 6, 6, 6, 6, 6, 6, 6, 6,...    65.5  
1     (5, 0, 10, 9, 8, 7, 6, 6, 6, 6, 6, 6, 6, 6, 6,...    35.5  
2     (5, 0, 10, 9, 8, 7, 6, 6, 6, 6, 6, 6, 6, 6, 6,...    35.5  
3     (5, 0, 10, 9, 8, 7, 6, 6, 6, 6, 6, 6, 6, 6, 6,...    35.5  
4     (5, 0, 10, 9, 8, 7, 6, 6, 6, 6, 6, 6, 6, 6, 6,...    35.5  
...                                                 ...     ...  
9995  (5, 0, 10, 9, 8, 7, 6, 6, 6, 6, 6, 6, 6, 6, 6,...    55.5  
9996  (5, 0, 10, 9, 8, 7, 6, 6, 6, 6, 6, 6, 6, 6, 6,...    95.5  
9997  (5, 0, 10, 9, 8, 7, 6, 6, 6, 6, 6, 6, 6, 6, 6,...    75.5  
9998  (5, 0, 10, 9, 8, 7, 6, 6, 6, 6, 6, 6, 6, 6, 6,...    75.5  
9999  (5, 0, 10, 9, 8, 7, 6, 6, 6, 6, 6, 6, 6, 6, 6,...    45.5  

[10000 rows x 12 columns]